16
4 4 
17 
3 0 0 
3

10 
5 
1  8 
14 
0 1 2 3 4 5 6 7 8 9 10 11 12 12 12 12 13 

9 9 9 9 9 9 9 9 9 9 9 9 4 9 
9 9 9 9 9 9 9 9 9 9 9 9 5 9 
9 9 9 9 9 9 9 9 9 9 9 9 6 9 
9 9 9 9 9 9 9 9 9 9 9 9 7 9 
5 9 9 9 9 9 9 9 0 0 0 0 4 8 
9 5 9 7 9 9 6 9 1 1 1 1 5 8 
5 9 9 9 9 9 9 9 9 9 2 2 6 9 
9 5 9 7 9 9 6 9 9 9 3 3 7 9 
9 9 9 9 9 9 9 9 9 9 9 9 9 8 
9 9 9 9 9 9 9 9 9 9 9 9 9 9 
1
0 0 0 0 0 0 0 0 0 0 0 0 1 0 
0 0 0 0 0 0 0 0 0 0 0 0 1 0 
0 0 0 0 0 0 0 0 0 0 0 0 1 0 
0 0 0 0 0 0 0 0 0 0 0 0 1 0 
1 0 0 0 0 0 0 0 1 1 1 1 1 0 
0 1 0 1 0 0 1 0 1 1 1 1 1 0 
1 0 0 0 0 0 0 0 0 0 1 1 1 0 
0 1 0 1 0 0 1 0 0 0 1 1 1 0 
0 0 0 0 0 0 0 0 0 0 0 0 0 0 
0 0 0 0 0 0 0 0 0 0 0 0 0 0 

10 
0 
1  8 
14 
0 1 2 3 4 4 4 4 5 6 7 8 9 10 11 12 13 

9 9 9 9 4 9 9 9 9 9 9 9 9 8 
9 9 9 9 5 9 9 9 9 9 9 9 9 8 
9 9 9 9 6 9 9 9 9 9 9 9 9 9 
9 9 9 9 7 9 9 9 9 9 9 9 9 9 
0 0 0 0 4 9 9 7 9 9 9 9 9 9 
1 1 1 1 5 9 9 9 7 4 9 9 9 9 
9 9 2 2 6 9 9 7 9 9 9 9 9 9 
9 9 3 3 7 9 9 9 7 4 9 9 9 9 
9 9 9 9 9 9 9 9 9 9 9 9 9 8 
9 9 9 9 9 9 9 9 9 9 9 9 9 9 
1
0 0 0 0 1 0 0 0 0 0 0 0 0 0 
0 0 0 0 1 0 0 0 0 0 0 0 0 0 
0 0 0 0 1 0 0 0 0 0 0 0 0 0 
0 0 0 0 1 0 0 0 0 0 0 0 0 0 
1 1 1 1 1 0 0 1 0 0 0 0 0 0 
1 1 1 1 1 0 0 0 1 1 0 0 0 0 
0 0 1 1 1 0 0 1 0 0 0 0 0 0 
0 0 1 1 1 0 0 0 1 1 0 0 0 0 
0 0 0 0 0 0 0 0 0 0 0 0 0 0 
0 0 0 0 0 0 0 0 0 0 0 0 0 0 

5 
2 
1  4 
17 
0 1 2 3 4 5 6 7 8 9 10 11 12 13 14 15 16 

1 0 1 0 3 0 3 0 1 0 1 0 3 0 3 0 3 
2 1 2 1 0 1 0 1 2 1 2 1 0 1 0 1 3 
3 2 3 2 1 2 1 2 3 2 3 2 1 2 1 2 4 
3 3 3 3 3 3 3 3 3 3 3 3 3 3 3 3 3 
3 3 3 3 3 3 3 3 3 3 3 3 3 3 3 3 4 
1
0 0 0 0 0 0 0 0 0 0 0 0 0 0 0 0 0 
0 0 0 0 0 0 0 0 0 0 0 0 0 0 0 0 0 
0 0 0 0 0 0 0 0 0 0 0 0 0 0 0 0 0 
0 0 0 0 0 0 0 0 0 0 0 0 0 0 0 0 0 
0 0 0 0 0 0 0 0 0 0 0 0 0 0 0 0 0 
